14
L20571          0 1.2629 1.2077 1.2174 1.1887 1.1448 1.2372 1.2242 1.1849 1.1942 1.1932 1.1567 1.1781 1.1967
AF103818          1.2629 0 0.65662 0.68916 0.79024 0.76255 0.83284 0.75251 0.74777 0.74539 0.71875 0.69928 0.71303 0.72052
X52154          1.2077 0.65662 0 0.73624 0.75647 0.75899 0.78752 0.72996 0.75998 0.7569 0.75595 0.73058 0.77291 0.75493
U09127          1.2174 0.68916 0.73624 0 0.21037 0.19544 0.2143 0.20528 0.22309 0.21898 0.21474 0.21019 0.21705 0.22038
U27426          1.1887 0.79024 0.75647 0.21037 0 0.10858 0.23434 0.2301 0.24233 0.24592 0.22883 0.23236 0.22848 0.23572
U27445          1.1448 0.76255 0.75899 0.19544 0.10858 0 0.22675 0.21064 0.22846 0.23194 0.21813 0.21268 0.20947 0.2236
AF067158          1.2372 0.83284 0.78752 0.2143 0.23434 0.22675 0 0.093205 0.25091 0.23688 0.21898 0.23143 0.22912 0.24101
U09126          1.2242 0.75251 0.72996 0.20528 0.2301 0.21064 0.093205 0 0.23146 0.21968 0.20762 0.20905 0.21157 0.22367
U27399          1.1849 0.74777 0.75998 0.22309 0.24233 0.22846 0.25091 0.23146 0 0.09817 0.15779 0.16757 0.16387 0.17092
U43386          1.1942 0.74539 0.7569 0.21898 0.24592 0.23194 0.23688 0.21968 0.09817 0 0.17767 0.1785 0.17472 0.18208
L02317          1.1932 0.71875 0.75595 0.21474 0.22883 0.21813 0.21898 0.20762 0.15779 0.17767 0 0.080123 0.092727 0.082938
AF025763          1.1567 0.69928 0.73058 0.21019 0.23236 0.21268 0.23143 0.20905 0.16757 0.1785 0.080123 0 0.095644 0.095488
U08443          1.1781 0.71303 0.77291 0.21705 0.22848 0.20947 0.22912 0.21157 0.16387 0.17472 0.092727 0.095644 0 0.097059
AF042106          1.1967 0.72052 0.75493 0.22038 0.23572 0.2236 0.24101 0.22367 0.17092 0.18208 0.082938 0.095488 0.097059 0
